"","year","porc_conf_tribunales","porc_conf_mmc","porc_conf_ffaa","porc_conf_iglesia","porc_conf_empresas","porc_conf_partidos","porc_conf_congreso"
"1","2002",0.0618556701030928,0.0636986301369863,0.135802469135802,0.196198234894773,0.0571030640668524,0.00967519004837595,0.0235457063711911
"2","2003",0.0368055555555556,0.0735395189003436,0.120389700765484,0.0735395189003436,0.054823039555864,0.0144429160935351,0.0328212290502793
"3","2008",0.0233837689133425,0.0467796610169492,0.157679180887372,0.327707454289733,0.0363506771204562,0.00823045267489712,0.0349162011173184
"4","2009",0.0431848852901484,0.0550705171255876,0.206122448979592,0.321552321552322,0.0513888888888889,0.0283592167454423,0.0465116279069767
"5","2009",0.0431848852901484,0.0550705171255876,0.206122448979592,0.321552321552322,0.0513888888888889,0.0283592167454423,0.0465116279069767
"6","2012",0.0142276422764228,0.0261394101876676,0.145380434782609,0.0360480640854473,0.020746887966805,0.00880162491536899,0.014246947082768
"7","2013",0.0118219749652295,0.0227743271221532,0.123603351955307,0.21423487544484,0.0192582025677603,0.00837404047452896,0.0119971771347918
"8","2014",0.0176180408738548,0.0190140845070423,0.152266288951841,0.225923244026068,0.0116194625998548,0.00709219858156028,0.0192857142857143
"9","2017",0.0179063360881543,0.0300341296928328,0.121733149931224,0.197748064743139,0.0154602951510892,0.0110116999311769,0.00967519004837595
"10","2019",0.00539083557951483,0.0114324142568931,0.0854068594485541,0.129604365620737,0.0116598079561043,0.0027027027027027,0.00476190476190476
